2861,2862,2863

606,604,605,607
610,608,616,609
614,615

618,619,712,713
622,715,716
627,625,628,867,626
630,631,632,633
635,636,634
637,717,718,719,720

648,723,655,721,722

649,726,725,727

660,659,728
663,664
729,666,730
679,733,670,732,674,675
678,677,676
680,682,684,683,687,685,734,688,735

692,695,710,697,694
742,699,785,787,786,701
784,702,783,703
780,744,781,782,823
778,749,779
750,821
754,756,755,825,827,826
829,828,763,830,764

765,766,831,767
832,833,772,769
774,773,834
790,791,793,792,835
836,837,796
812,839,838
800,841,840,842,801
843,844,845,846,847

805,806,807
